Rows: 25
Columns: 30
533333333333333333333333333338
400000000000000000000000000004
400000000000000000000000000004
400000000000000000000000000004
400000000000000000000000000004
400000000000000000000000000004
400000000000000000000000000004
400000000000000000000000000004
400000000000000000000000000004
400000000000000000000000000004
400000000000000000000000000004
400000000000000000000000000004
400000000000000000000000000004
400000000000000000000000000004
400000000000000000000000000004
400000000000000000000000000004
400000000000000000000000000004
400000000000000000000000000004
400000000000000000000000000004
400000000000000000000000000004
400000000000000000000000000004
400000000000000000000000000004
400000000000000000000000000004
400000000000000000000000000004
633333333333333333333333333337