Rows: 30
Columns: 30
533333333333333333333333333338
400000000000000000000000000004
400000000000000000000000000004
400000000000000000000000000004
400000000000000000000000000004
400000000000000000000000000004
422222222222222222222222222224
422222222222222222222222222224
422222222222222222222222222224
422222222222222222222222222224
422222222222222222222222222224
422222222222222222222222222224
422222222222222222222222222224
422222222222222222222222222224
422222222222222222222222222224
422222222222222222222222222224
422222222222222222222222222224
422222222222222222222222222224
422222222222222222222222222224
422222222222222222222222222224
400000000000000000000000000004
400000000000000000000000000004
400000000000000000000000000004
400000000000000000000000000004
633333333333333333333333333337