Rows: 25
Columns: 30
533333333333333333333333333338
400110000000000000000000000004
401111000000000000000000000004
400110000000000000000000000004
400000000000000000000000000114
400000000000000000000000001114
400000000000000000000000000114
400000000000110000000000000004
400000000001111000000000000004
400000000000110000000000000004
400000000000000000000000000004
400000000000000000000000000004
400000000000000000110000000004
400000000000000001111000000004
400000000000000000110000000004
400000000000000000000000000004
400000000000000000000000000004
400110000000000000000000000004
401111000000000000000000000004
400110000000000000000000000004
400000000000000000000011000004
400000000000000000000111100004
400000000000000000000011000004
400000000000000000000000000004
633333333333333333333333333337